[gd_scene load_steps=7 format=3 uid="uid://dvcb4t0c0nda7"]

[ext_resource type="Script" path="res://levels/sandbox.gd" id="1_wcdac"]
[ext_resource type="PackedScene" uid="uid://bvrnnus7arvsd" path="res://models/race_track_tire_wall/race_track_tire_wall.tscn" id="2_npny1"]

[sub_resource type="ProceduralSkyMaterial" id="ProceduralSkyMaterial_fj73q"]
sky_top_color = Color(0.0174637, 0.0261258, 0.0416482, 1)
sky_horizon_color = Color(0.510089, 0.510708, 0.513138, 1)
ground_bottom_color = Color(0.0228908, 0.0167067, 0.0109028, 1)
ground_horizon_color = Color(0.510089, 0.510708, 0.513138, 1)

[sub_resource type="Sky" id="Sky_ygfym"]
sky_material = SubResource("ProceduralSkyMaterial_fj73q")

[sub_resource type="Environment" id="Environment_3jchy"]
background_mode = 1
sky = SubResource("Sky_ygfym")
tonemap_mode = 2
glow_enabled = true

[sub_resource type="StandardMaterial3D" id="StandardMaterial3D_c1po2"]
albedo_color = Color(0.305882, 1, 0.462745, 1)

[node name="Sandbox" type="Node3D"]
script = ExtResource("1_wcdac")

[node name="WorldEnvironment" type="WorldEnvironment" parent="."]
environment = SubResource("Environment_3jchy")

[node name="Sketchfab_Scene" parent="." instance=ExtResource("2_npny1")]
transform = Transform3D(1, 0, 0, 0, 1, 0, 0, 0, 1, -1.34544, 1.99707, -2.14622)
visible = false

[node name="Sketchfab_Scene" parent="Sketchfab_Scene" instance=ExtResource("2_npny1")]
transform = Transform3D(0.101994, 0.0503464, 0.99351, 0, 0.998718, -0.0506104, -0.994785, 0.00516195, 0.101863, -4.50462, -1.66948, 3.54517)

[node name="Sketchfab_Scene3" parent="Sketchfab_Scene" instance=ExtResource("2_npny1")]
transform = Transform3D(-0.2574, 0.752109, -0.606694, 0.569016, -0.389477, -0.724243, -0.781004, -0.531638, -0.32771, -2.2666, -1.66948, -0.697459)

[node name="Sketchfab_Scene4" parent="Sketchfab_Scene" groups=["red"] instance=ExtResource("2_npny1")]
transform = Transform3D(0.228158, 0.887162, -0.401107, 0.862527, 0.00693658, 0.505965, 0.451656, -0.461404, -0.763618, 5.99836, -1.66948, 3.58186)

[node name="Sketchfab_Scene2" parent="Sketchfab_Scene" instance=ExtResource("2_npny1")]
transform = Transform3D(0.101994, 0.0503464, 0.99351, 0, 0.998718, -0.0506104, -0.994785, 0.00516195, 0.101863, 4.18182, -1.66948, 3.54517)

[node name="floor" type="CSGBox3D" parent="."]
visible = false
material_override = SubResource("StandardMaterial3D_c1po2")
use_collision = true
size = Vector3(100, 0.01, 100)

[node name="DirectionalLight3D" type="DirectionalLight3D" parent="."]
transform = Transform3D(0.281681, -0.863998, -0.417329, 0.639172, 0.493351, -0.58997, 0.715622, -0.100562, 0.691211, 0, 0, 0)

[node name="MultiplayerSpawner" type="MultiplayerSpawner" parent="."]
spawn_path = NodePath("..")
